-7.14192     0.908512     6.01394e+20     
6.67113     9.56132     2.38072e+21     
8.64176     9.80332     6.03126e+21     
5.67478     1.11317     6.55052e+21     
-8.1055     6.92811     9.60743e+21     
-5.26519     7.87314     6.30074e+21     
-7.00193     3.6077     5.10055e+21     
1.3162     0.826467     5.55155e+21     
-9.79935     8.78709     5.00982e+21     
7.63964     4.29737     1.54945e+21     
7.80655     2.85647     7.84157e+21  
3.02791     3.56806     8.97092e+21     
2.48361     9.93964     9.49244e+21     
0.76269     5.95585     2.89882e+21     
3.35397     0.99333     8.90462e+21     
0.832778     7.76349     6.50192e+21     
8.73111     9.60469     6.35264e+20     
6.56605     1.79085     8.4569e+21     
-0.751475     2.45572     5.62289e+21     
1.12285     2.33243     7.61259e+21     
1.1164     5.90537     8.35751e+21     
-8.87583     0.742676     9.40214e+21     
-1.60468     0.982015     2.93249e+21     
2.9774     4.39278     4.27897e+20     
-9.90989     1.01643     1.10936e+20     
-7.43168     6.95634     2.33996e+21     
4.98962     8.55529     6.4507e+21     
-7.70141     8.67375     8.2393e+20     
3.93776     3.07545     3.48726e+21     
-8.002     4.77558     8.23769e+21     
-0.0214641     8.03985     2.37657e+21     
-8.64706     0.944979     2.81874e+21     
2.61701     8.47838     6.73252e+21     
3.01337     7.34634     6.9243e+21     
-3.99729     1.0663     9.993e+21     
-7.87945     9.1423     9.31615e+20     
-4.41861     4.32661     8.74694e+21     
8.0612     2.04669     5.36573e+21     
-0.363792     3.08439     7.30366e+21     
-6.16993     2.23231     4.01886e+21     
4.82889     9.62183     3.38475e+21     
1.76518     0.360098     8.09648e+21     
2.19779     2.47604     2.03229e+21     
-6.38818     2.80273     6.47014e+21     
3.96767     6.94922     7.4059e+21     
-6.25923     1.70225     1.08877e+20     
1.7738     1.14907     9.75989e+20     
-5.24689     1.47805     6.0498e+21     
-7.58592     1.65287     3.91523e+21     
7.65224     6.878     8.33191e+21     
9.84799     4.09362     3.43225e+21     
-6.25877     8.15604     1.66195e+21     
-0.19806     7.75351     5.89508e+21     
-6.02217     3.94533     3.38851e+21     
5.75723     7.87774     7.80185e+21     
-2.87829     3.06097     7.67692e+21     
-7.2577     8.9175     3.45907e+21     
-2.99098     6.47106     4.42403e+21     
-3.10843     7.14888     9.7728e+21     
0.790125     6.80583     4.23022e+21     
-1.97163     3.98606     8.08452e+21     
-2.30378     7.93391     8.53787e+21     
-1.87683     2.19081     1.27296e+21     
-0.926024     1.72677     4.16579e+20     
6.9742     7.26558     9.29281e+21     
-3.00307     0.678033     6.91196e+19     
-4.29712     6.79989     6.78588e+21     
8.8152     8.48194     7.20719e+21     
-2.50946     2.68716     2.36998e+21     
2.47901     8.55093     5.63186e+21     
-9.55709     0.706491     9.60042e+21     
-9.93572     4.75583     2.43343e+21     
-7.73758     9.11475     1.47359e+21     
-8.92937     6.64377     8.00034e+21     
-5.0558     0.0268804     3.48312e+21     
-8.7625     3.91111     4.38429e+21     
2.12431     1.62226     9.76912e+21     
-3.30847     2.81989     9.63593e+21     
2.91074     7.09538     9.03892e+21     
-9.92864     0.223464     4.54088e+21     
